815 943
1 128
1 128

2 1 63 127 376 XOR
2 1 62 126 375 XOR
2 1 61 125 374 XOR
2 1 60 124 373 XOR
2 1 59 123 372 XOR
2 1 58 122 371 XOR
2 1 57 121 370 XOR
2 1 56 120 369 XOR
2 1 55 119 368 XOR
2 1 54 118 367 XOR
2 1 53 117 366 XOR
2 1 52 116 365 XOR
2 1 51 115 364 XOR
2 1 50 114 363 XOR
2 1 49 113 362 XOR
2 1 48 112 361 XOR
2 1 47 111 360 XOR
2 1 46 110 359 XOR
2 1 45 109 358 XOR
2 1 44 108 357 XOR
2 1 43 107 356 XOR
2 1 42 106 355 XOR
2 1 41 105 354 XOR
2 1 40 104 353 XOR
2 1 39 103 352 XOR
2 1 38 102 351 XOR
2 1 37 101 350 XOR
2 1 36 100 349 XOR
2 1 35 99 348 XOR
2 1 34 98 347 XOR
2 1 33 97 346 XOR
2 1 32 96 345 XOR
2 1 31 95 344 XOR
2 1 30 94 343 XOR
2 1 29 93 342 XOR
2 1 28 92 341 XOR
2 1 27 91 340 XOR
2 1 26 90 339 XOR
2 1 25 89 338 XOR
2 1 24 88 337 XOR
2 1 23 87 336 XOR
2 1 22 86 335 XOR
2 1 21 85 334 XOR
2 1 20 84 333 XOR
2 1 19 83 332 XOR
2 1 18 82 331 XOR
2 1 17 81 330 XOR
2 1 16 80 329 XOR
2 1 15 79 328 XOR
2 1 14 78 327 XOR
2 1 13 77 326 XOR
2 1 12 76 325 XOR
2 1 11 75 324 XOR
2 1 10 74 323 XOR
2 1 9 73 322 XOR
2 1 8 72 321 XOR
2 1 7 71 320 XOR
2 1 6 70 319 XOR
2 1 5 69 318 XOR
2 1 4 68 317 XOR
2 1 3 67 316 XOR
2 1 2 66 315 XOR
2 1 1 65 314 XOR
2 1 0 64 815 XOR
2 1 0 64 377 AND
2 1 65 377 129 XOR
2 1 1 377 128 XOR
2 1 128 129 130 AND
2 1 130 377 378 XOR
2 1 66 378 132 XOR
2 1 2 378 131 XOR
2 1 131 132 133 AND
2 1 133 378 379 XOR
2 1 67 379 135 XOR
2 1 3 379 134 XOR
2 1 134 135 136 AND
2 1 136 379 380 XOR
2 1 68 380 138 XOR
2 1 4 380 137 XOR
2 1 137 138 139 AND
2 1 139 380 381 XOR
2 1 69 381 141 XOR
2 1 5 381 140 XOR
2 1 140 141 142 AND
2 1 142 381 382 XOR
2 1 70 382 144 XOR
2 1 6 382 143 XOR
2 1 143 144 145 AND
2 1 145 382 383 XOR
2 1 71 383 147 XOR
2 1 7 383 146 XOR
2 1 146 147 148 AND
2 1 148 383 384 XOR
2 1 72 384 150 XOR
2 1 8 384 149 XOR
2 1 149 150 151 AND
2 1 151 384 385 XOR
2 1 73 385 153 XOR
2 1 9 385 152 XOR
2 1 152 153 154 AND
2 1 154 385 386 XOR
2 1 74 386 156 XOR
2 1 10 386 155 XOR
2 1 155 156 157 AND
2 1 157 386 387 XOR
2 1 75 387 159 XOR
2 1 11 387 158 XOR
2 1 158 159 160 AND
2 1 160 387 388 XOR
2 1 76 388 162 XOR
2 1 12 388 161 XOR
2 1 161 162 163 AND
2 1 163 388 389 XOR
2 1 77 389 165 XOR
2 1 13 389 164 XOR
2 1 164 165 166 AND
2 1 166 389 390 XOR
2 1 78 390 168 XOR
2 1 14 390 167 XOR
2 1 167 168 169 AND
2 1 169 390 391 XOR
2 1 79 391 171 XOR
2 1 15 391 170 XOR
2 1 170 171 172 AND
2 1 172 391 392 XOR
2 1 80 392 174 XOR
2 1 16 392 173 XOR
2 1 173 174 175 AND
2 1 175 392 393 XOR
2 1 81 393 177 XOR
2 1 17 393 176 XOR
2 1 176 177 178 AND
2 1 178 393 394 XOR
2 1 82 394 180 XOR
2 1 18 394 179 XOR
2 1 179 180 181 AND
2 1 181 394 395 XOR
2 1 83 395 183 XOR
2 1 19 395 182 XOR
2 1 182 183 184 AND
2 1 184 395 396 XOR
2 1 84 396 186 XOR
2 1 20 396 185 XOR
2 1 185 186 187 AND
2 1 187 396 397 XOR
2 1 85 397 189 XOR
2 1 21 397 188 XOR
2 1 188 189 190 AND
2 1 190 397 398 XOR
2 1 86 398 192 XOR
2 1 22 398 191 XOR
2 1 191 192 193 AND
2 1 193 398 399 XOR
2 1 87 399 195 XOR
2 1 23 399 194 XOR
2 1 194 195 196 AND
2 1 196 399 400 XOR
2 1 88 400 198 XOR
2 1 24 400 197 XOR
2 1 197 198 199 AND
2 1 199 400 401 XOR
2 1 89 401 201 XOR
2 1 25 401 200 XOR
2 1 200 201 202 AND
2 1 202 401 402 XOR
2 1 90 402 204 XOR
2 1 26 402 203 XOR
2 1 203 204 205 AND
2 1 205 402 403 XOR
2 1 91 403 207 XOR
2 1 27 403 206 XOR
2 1 206 207 208 AND
2 1 208 403 404 XOR
2 1 341 404 843 XOR
2 1 92 404 210 XOR
2 1 28 404 209 XOR
2 1 209 210 211 AND
2 1 211 404 405 XOR
2 1 342 405 844 XOR
2 1 340 403 842 XOR
2 1 93 405 213 XOR
2 1 29 405 212 XOR
2 1 212 213 214 AND
2 1 214 405 406 XOR
2 1 343 406 845 XOR
2 1 339 402 841 XOR
2 1 94 406 216 XOR
2 1 30 406 215 XOR
2 1 215 216 217 AND
2 1 217 406 407 XOR
2 1 338 401 840 XOR
2 1 31 407 218 XOR
2 1 344 407 846 XOR
2 1 337 400 839 XOR
2 1 95 407 219 XOR
2 1 218 219 220 AND
2 1 220 407 408 XOR
2 1 345 408 847 XOR
2 1 336 399 838 XOR
2 1 96 408 222 XOR
2 1 32 408 221 XOR
2 1 221 222 223 AND
2 1 223 408 409 XOR
2 1 346 409 848 XOR
2 1 335 398 837 XOR
2 1 97 409 225 XOR
2 1 33 409 224 XOR
2 1 224 225 226 AND
2 1 226 409 410 XOR
2 1 347 410 849 XOR
2 1 334 397 836 XOR
2 1 98 410 228 XOR
2 1 34 410 227 XOR
2 1 227 228 229 AND
2 1 229 410 411 XOR
2 1 333 396 835 XOR
2 1 35 411 230 XOR
2 1 348 411 850 XOR
2 1 332 395 834 XOR
2 1 99 411 231 XOR
2 1 230 231 232 AND
2 1 232 411 412 XOR
2 1 349 412 851 XOR
2 1 331 394 833 XOR
2 1 100 412 234 XOR
2 1 36 412 233 XOR
2 1 233 234 235 AND
2 1 235 412 413 XOR
2 1 350 413 852 XOR
2 1 330 393 832 XOR
2 1 101 413 237 XOR
2 1 37 413 236 XOR
2 1 236 237 238 AND
2 1 238 413 414 XOR
2 1 351 414 853 XOR
2 1 329 392 831 XOR
2 1 102 414 240 XOR
2 1 38 414 239 XOR
2 1 239 240 241 AND
2 1 241 414 415 XOR
2 1 328 391 830 XOR
2 1 39 415 242 XOR
2 1 352 415 854 XOR
2 1 327 390 829 XOR
2 1 103 415 243 XOR
2 1 242 243 244 AND
2 1 244 415 416 XOR
2 1 353 416 855 XOR
2 1 326 389 828 XOR
2 1 104 416 246 XOR
2 1 40 416 245 XOR
2 1 245 246 247 AND
2 1 247 416 417 XOR
2 1 354 417 856 XOR
2 1 325 388 827 XOR
2 1 105 417 249 XOR
2 1 41 417 248 XOR
2 1 248 249 250 AND
2 1 250 417 418 XOR
2 1 355 418 857 XOR
2 1 324 387 826 XOR
2 1 106 418 252 XOR
2 1 42 418 251 XOR
2 1 251 252 253 AND
2 1 253 418 419 XOR
2 1 323 386 825 XOR
2 1 43 419 254 XOR
2 1 356 419 858 XOR
2 1 322 385 824 XOR
2 1 107 419 255 XOR
2 1 254 255 256 AND
2 1 256 419 420 XOR
2 1 357 420 859 XOR
2 1 321 384 823 XOR
2 1 108 420 258 XOR
2 1 44 420 257 XOR
2 1 257 258 259 AND
2 1 259 420 421 XOR
2 1 358 421 860 XOR
2 1 320 383 822 XOR
2 1 109 421 261 XOR
2 1 45 421 260 XOR
2 1 260 261 262 AND
2 1 262 421 422 XOR
2 1 359 422 861 XOR
2 1 319 382 821 XOR
2 1 110 422 264 XOR
2 1 46 422 263 XOR
2 1 263 264 265 AND
2 1 265 422 423 XOR
2 1 318 381 820 XOR
2 1 47 423 266 XOR
2 1 360 423 862 XOR
2 1 317 380 819 XOR
2 1 111 423 267 XOR
2 1 266 267 268 AND
2 1 268 423 424 XOR
2 1 361 424 863 XOR
2 1 316 379 818 XOR
2 1 112 424 270 XOR
2 1 48 424 269 XOR
2 1 269 270 271 AND
2 1 271 424 425 XOR
2 1 362 425 864 XOR
2 1 315 378 817 XOR
2 1 113 425 273 XOR
2 1 49 425 272 XOR
2 1 272 273 274 AND
2 1 274 425 426 XOR
2 1 363 426 865 XOR
2 1 314 377 816 XOR
2 1 114 426 276 XOR
2 1 50 426 275 XOR
2 1 275 276 277 AND
2 1 277 426 427 XOR
2 1 115 427 279 XOR
2 1 51 427 278 XOR
2 1 278 279 280 AND
2 1 280 427 428 XOR
2 1 116 428 282 XOR
2 1 52 428 281 XOR
2 1 281 282 283 AND
2 1 283 428 429 XOR
2 1 117 429 285 XOR
2 1 53 429 284 XOR
2 1 284 285 286 AND
2 1 286 429 430 XOR
2 1 118 430 288 XOR
2 1 54 430 287 XOR
2 1 287 288 289 AND
2 1 289 430 431 XOR
2 1 119 431 291 XOR
2 1 55 431 290 XOR
2 1 290 291 292 AND
2 1 292 431 432 XOR
2 1 120 432 294 XOR
2 1 56 432 293 XOR
2 1 293 294 295 AND
2 1 295 432 433 XOR
2 1 370 433 872 XOR
2 1 121 433 297 XOR
2 1 57 433 296 XOR
2 1 296 297 298 AND
2 1 298 433 434 XOR
2 1 371 434 873 XOR
2 1 369 432 871 XOR
2 1 122 434 300 XOR
2 1 58 434 299 XOR
2 1 299 300 301 AND
2 1 301 434 435 XOR
2 1 372 435 874 XOR
2 1 368 431 870 XOR
2 1 123 435 303 XOR
2 1 59 435 302 XOR
2 1 302 303 304 AND
2 1 304 435 436 XOR
2 1 367 430 869 XOR
2 1 60 436 305 XOR
2 1 373 436 875 XOR
2 1 366 429 868 XOR
2 1 124 436 306 XOR
2 1 305 306 307 AND
2 1 307 436 437 XOR
2 1 374 437 876 XOR
2 1 365 428 867 XOR
2 1 125 437 309 XOR
2 1 61 437 308 XOR
2 1 308 309 310 AND
2 1 310 437 438 XOR
2 1 375 438 877 XOR
2 1 364 427 866 XOR
2 1 126 438 312 XOR
2 1 62 438 311 XOR
2 1 311 312 313 AND
2 1 313 438 439 XOR
2 1 376 439 878 XOR
2 1 63 127 440 XOR
2 1 62 126 814 XOR
2 1 61 125 813 XOR
2 1 60 124 812 XOR
2 1 59 123 811 XOR
2 1 58 122 810 XOR
2 1 57 121 809 XOR
2 1 56 120 808 XOR
2 1 55 119 807 XOR
2 1 54 118 806 XOR
2 1 53 117 805 XOR
2 1 52 116 804 XOR
2 1 51 115 803 XOR
2 1 50 114 802 XOR
2 1 49 113 801 XOR
2 1 48 112 800 XOR
2 1 47 111 799 XOR
2 1 46 110 798 XOR
2 1 45 109 797 XOR
2 1 44 108 796 XOR
2 1 43 107 795 XOR
2 1 42 106 794 XOR
2 1 41 105 793 XOR
2 1 40 104 792 XOR
2 1 39 103 791 XOR
2 1 38 102 790 XOR
2 1 37 101 789 XOR
2 1 36 100 788 XOR
2 1 35 99 787 XOR
2 1 34 98 786 XOR
2 1 33 97 785 XOR
2 1 32 96 784 XOR
2 1 31 95 783 XOR
2 1 30 94 782 XOR
2 1 29 93 781 XOR
2 1 28 92 780 XOR
2 1 27 91 779 XOR
2 1 26 90 778 XOR
2 1 25 89 777 XOR
2 1 24 88 776 XOR
2 1 23 87 775 XOR
2 1 22 86 774 XOR
2 1 21 85 773 XOR
2 1 20 84 772 XOR
2 1 19 83 771 XOR
2 1 18 82 770 XOR
2 1 17 81 769 XOR
2 1 16 80 768 XOR
2 1 15 79 767 XOR
2 1 14 78 766 XOR
2 1 13 77 765 XOR
2 1 12 76 764 XOR
2 1 11 75 763 XOR
2 1 10 74 762 XOR
2 1 9 73 761 XOR
2 1 8 72 760 XOR
2 1 7 71 759 XOR
2 1 6 70 758 XOR
2 1 5 69 757 XOR
2 1 4 68 756 XOR
2 1 3 67 755 XOR
2 1 2 66 754 XOR
2 1 1 65 753 XOR
2 1 0 64 879 XOR
1 1 0 690 INV
2 1 690 64 441 AND
2 1 65 441 505 XOR
2 1 753 441 880 XOR
1 1 1 691 INV
2 1 691 441 504 XOR
2 1 504 505 506 AND
2 1 506 441 442 XOR
2 1 66 442 508 XOR
2 1 754 442 881 XOR
1 1 2 692 INV
2 1 692 442 507 XOR
2 1 507 508 509 AND
2 1 509 442 443 XOR
2 1 67 443 511 XOR
2 1 755 443 882 XOR
1 1 3 693 INV
2 1 693 443 510 XOR
2 1 510 511 512 AND
2 1 512 443 444 XOR
2 1 68 444 514 XOR
2 1 756 444 883 XOR
1 1 4 694 INV
2 1 694 444 513 XOR
2 1 513 514 515 AND
2 1 515 444 445 XOR
2 1 69 445 517 XOR
2 1 757 445 884 XOR
1 1 5 695 INV
2 1 695 445 516 XOR
2 1 516 517 518 AND
2 1 518 445 446 XOR
2 1 70 446 520 XOR
2 1 758 446 885 XOR
1 1 6 696 INV
2 1 696 446 519 XOR
2 1 519 520 521 AND
2 1 521 446 447 XOR
2 1 71 447 523 XOR
2 1 759 447 886 XOR
1 1 7 697 INV
2 1 697 447 522 XOR
2 1 522 523 524 AND
2 1 524 447 448 XOR
2 1 72 448 526 XOR
2 1 760 448 887 XOR
1 1 8 698 INV
2 1 698 448 525 XOR
2 1 525 526 527 AND
2 1 527 448 449 XOR
2 1 73 449 529 XOR
2 1 761 449 888 XOR
1 1 9 699 INV
2 1 699 449 528 XOR
2 1 528 529 530 AND
2 1 530 449 450 XOR
2 1 74 450 532 XOR
2 1 762 450 889 XOR
1 1 10 700 INV
2 1 700 450 531 XOR
2 1 531 532 533 AND
2 1 533 450 451 XOR
2 1 75 451 535 XOR
2 1 763 451 890 XOR
1 1 11 701 INV
2 1 701 451 534 XOR
2 1 534 535 536 AND
2 1 536 451 452 XOR
2 1 76 452 538 XOR
2 1 764 452 891 XOR
1 1 12 702 INV
2 1 702 452 537 XOR
2 1 537 538 539 AND
2 1 539 452 453 XOR
2 1 77 453 541 XOR
2 1 765 453 892 XOR
1 1 13 703 INV
2 1 703 453 540 XOR
2 1 540 541 542 AND
2 1 542 453 454 XOR
2 1 78 454 544 XOR
2 1 766 454 893 XOR
1 1 14 704 INV
2 1 704 454 543 XOR
2 1 543 544 545 AND
2 1 545 454 455 XOR
2 1 79 455 547 XOR
2 1 767 455 894 XOR
1 1 15 705 INV
2 1 705 455 546 XOR
2 1 546 547 548 AND
2 1 548 455 456 XOR
2 1 80 456 550 XOR
2 1 768 456 895 XOR
1 1 16 706 INV
2 1 706 456 549 XOR
2 1 549 550 551 AND
2 1 551 456 457 XOR
2 1 81 457 553 XOR
2 1 769 457 896 XOR
1 1 17 707 INV
2 1 707 457 552 XOR
2 1 552 553 554 AND
2 1 554 457 458 XOR
2 1 82 458 556 XOR
2 1 770 458 897 XOR
1 1 18 708 INV
2 1 708 458 555 XOR
2 1 555 556 557 AND
2 1 557 458 459 XOR
2 1 83 459 559 XOR
2 1 771 459 898 XOR
1 1 19 709 INV
2 1 709 459 558 XOR
2 1 558 559 560 AND
2 1 560 459 460 XOR
2 1 84 460 562 XOR
2 1 772 460 899 XOR
1 1 20 710 INV
2 1 710 460 561 XOR
2 1 561 562 563 AND
2 1 563 460 461 XOR
2 1 85 461 565 XOR
2 1 773 461 900 XOR
1 1 21 711 INV
2 1 711 461 564 XOR
2 1 564 565 566 AND
2 1 566 461 462 XOR
2 1 86 462 568 XOR
2 1 774 462 901 XOR
1 1 22 712 INV
2 1 712 462 567 XOR
2 1 567 568 569 AND
2 1 569 462 463 XOR
2 1 775 463 902 XOR
2 1 87 463 571 XOR
1 1 23 713 INV
2 1 713 463 570 XOR
2 1 570 571 572 AND
2 1 572 463 464 XOR
2 1 88 464 574 XOR
2 1 776 464 903 XOR
1 1 24 714 INV
2 1 714 464 573 XOR
2 1 573 574 575 AND
2 1 575 464 465 XOR
2 1 777 465 904 XOR
2 1 89 465 577 XOR
1 1 25 715 INV
2 1 715 465 576 XOR
2 1 576 577 578 AND
2 1 578 465 466 XOR
2 1 778 466 905 XOR
2 1 90 466 580 XOR
1 1 26 716 INV
2 1 716 466 579 XOR
2 1 579 580 581 AND
2 1 581 466 467 XOR
2 1 91 467 583 XOR
2 1 779 467 906 XOR
1 1 27 717 INV
2 1 717 467 582 XOR
2 1 582 583 584 AND
2 1 584 467 468 XOR
2 1 92 468 586 XOR
2 1 780 468 907 XOR
1 1 28 718 INV
2 1 718 468 585 XOR
2 1 585 586 587 AND
2 1 587 468 469 XOR
2 1 781 469 908 XOR
2 1 93 469 589 XOR
1 1 29 719 INV
2 1 719 469 588 XOR
2 1 588 589 590 AND
2 1 590 469 470 XOR
2 1 94 470 592 XOR
2 1 782 470 909 XOR
1 1 30 720 INV
2 1 720 470 591 XOR
2 1 591 592 593 AND
2 1 593 470 471 XOR
2 1 783 471 910 XOR
2 1 95 471 595 XOR
1 1 31 721 INV
2 1 721 471 594 XOR
2 1 594 595 596 AND
2 1 596 471 472 XOR
2 1 96 472 598 XOR
2 1 784 472 911 XOR
1 1 32 722 INV
2 1 722 472 597 XOR
2 1 597 598 599 AND
2 1 599 472 473 XOR
2 1 97 473 601 XOR
2 1 785 473 912 XOR
1 1 33 723 INV
2 1 723 473 600 XOR
2 1 600 601 602 AND
2 1 602 473 474 XOR
2 1 786 474 913 XOR
2 1 98 474 604 XOR
1 1 34 724 INV
2 1 724 474 603 XOR
2 1 603 604 605 AND
2 1 605 474 475 XOR
2 1 787 475 914 XOR
2 1 99 475 607 XOR
1 1 35 725 INV
2 1 725 475 606 XOR
2 1 606 607 608 AND
2 1 608 475 476 XOR
2 1 788 476 915 XOR
2 1 100 476 610 XOR
1 1 36 726 INV
2 1 726 476 609 XOR
2 1 609 610 611 AND
2 1 611 476 477 XOR
2 1 789 477 916 XOR
2 1 101 477 613 XOR
1 1 37 727 INV
2 1 727 477 612 XOR
2 1 612 613 614 AND
2 1 614 477 478 XOR
2 1 790 478 917 XOR
2 1 102 478 616 XOR
1 1 38 728 INV
2 1 728 478 615 XOR
2 1 615 616 617 AND
2 1 617 478 479 XOR
2 1 103 479 619 XOR
2 1 791 479 918 XOR
1 1 39 729 INV
2 1 729 479 618 XOR
2 1 618 619 620 AND
2 1 620 479 480 XOR
2 1 792 480 919 XOR
2 1 104 480 622 XOR
1 1 40 730 INV
2 1 730 480 621 XOR
2 1 621 622 623 AND
2 1 623 480 481 XOR
2 1 793 481 920 XOR
2 1 105 481 625 XOR
1 1 41 731 INV
2 1 731 481 624 XOR
2 1 624 625 626 AND
2 1 626 481 482 XOR
2 1 794 482 921 XOR
2 1 106 482 628 XOR
1 1 42 732 INV
2 1 732 482 627 XOR
2 1 627 628 629 AND
2 1 629 482 483 XOR
2 1 107 483 631 XOR
2 1 795 483 922 XOR
1 1 43 733 INV
2 1 733 483 630 XOR
2 1 630 631 632 AND
2 1 632 483 484 XOR
2 1 796 484 923 XOR
2 1 108 484 634 XOR
1 1 44 734 INV
2 1 734 484 633 XOR
2 1 633 634 635 AND
2 1 635 484 485 XOR
2 1 109 485 637 XOR
2 1 797 485 924 XOR
1 1 45 735 INV
2 1 735 485 636 XOR
2 1 636 637 638 AND
2 1 638 485 486 XOR
2 1 798 486 925 XOR
2 1 110 486 640 XOR
1 1 46 736 INV
2 1 736 486 639 XOR
2 1 639 640 641 AND
2 1 641 486 487 XOR
2 1 799 487 926 XOR
2 1 111 487 643 XOR
1 1 47 737 INV
2 1 737 487 642 XOR
2 1 642 643 644 AND
2 1 644 487 488 XOR
2 1 112 488 646 XOR
2 1 800 488 927 XOR
1 1 48 738 INV
2 1 738 488 645 XOR
2 1 645 646 647 AND
2 1 647 488 489 XOR
2 1 113 489 649 XOR
2 1 801 489 928 XOR
1 1 49 739 INV
2 1 739 489 648 XOR
2 1 648 649 650 AND
2 1 650 489 490 XOR
2 1 114 490 652 XOR
2 1 802 490 929 XOR
1 1 50 740 INV
2 1 740 490 651 XOR
2 1 651 652 653 AND
2 1 653 490 491 XOR
2 1 115 491 655 XOR
2 1 803 491 930 XOR
1 1 51 741 INV
2 1 741 491 654 XOR
2 1 654 655 656 AND
2 1 656 491 492 XOR
2 1 116 492 658 XOR
2 1 804 492 931 XOR
1 1 52 742 INV
2 1 742 492 657 XOR
2 1 657 658 659 AND
2 1 659 492 493 XOR
2 1 117 493 661 XOR
2 1 805 493 932 XOR
1 1 53 743 INV
2 1 743 493 660 XOR
2 1 660 661 662 AND
2 1 662 493 494 XOR
2 1 118 494 664 XOR
2 1 806 494 933 XOR
1 1 54 744 INV
2 1 744 494 663 XOR
2 1 663 664 665 AND
2 1 665 494 495 XOR
2 1 807 495 934 XOR
2 1 119 495 667 XOR
1 1 55 745 INV
2 1 745 495 666 XOR
2 1 666 667 668 AND
2 1 668 495 496 XOR
2 1 808 496 935 XOR
2 1 120 496 670 XOR
1 1 56 746 INV
2 1 746 496 669 XOR
2 1 669 670 671 AND
2 1 671 496 497 XOR
2 1 121 497 673 XOR
2 1 809 497 936 XOR
1 1 57 747 INV
2 1 747 497 672 XOR
2 1 672 673 674 AND
2 1 674 497 498 XOR
2 1 122 498 676 XOR
2 1 810 498 937 XOR
1 1 58 748 INV
2 1 748 498 675 XOR
2 1 675 676 677 AND
2 1 677 498 499 XOR
2 1 123 499 679 XOR
2 1 811 499 938 XOR
1 1 59 749 INV
2 1 749 499 678 XOR
2 1 678 679 680 AND
2 1 680 499 500 XOR
2 1 812 500 939 XOR
2 1 124 500 682 XOR
1 1 60 750 INV
2 1 750 500 681 XOR
2 1 681 682 683 AND
2 1 683 500 501 XOR
2 1 125 501 685 XOR
2 1 813 501 940 XOR
1 1 61 751 INV
2 1 751 501 684 XOR
2 1 684 685 686 AND
2 1 686 501 502 XOR
2 1 814 502 941 XOR
2 1 126 502 688 XOR
1 1 62 752 INV
2 1 752 502 687 XOR
2 1 687 688 689 AND
2 1 689 502 503 XOR
2 1 440 503 942 XOR